0
3617
3617
3653
3653
3640
3640
3613
3613
3646
3646
3651
3651
3684
3684
3628
3628
3775
3775
3684
3684
3571
3571
3592
3592
3645
3645
3708
3708
3661
3661
3741
3741
3642
3642
3654
3654
3700
3700
3671
3671
3758
3758
3679
3679
3683
3683
3718
3718
3674
3674
3566
3566
3724
3724
3612
3612
3673
3673
3729
3729
3613
3613
3652
3652
3680
3680
3541
3541
3740
3740
3611
3611
3574
3549
3549
3612
3612
3738
3645
3652
3652
3692
3764
3764
3730
3657
3657
3725
3725
3639
3639
3701
3701
3569
3569
3726
3726
3738
3738
3646
3646
3645
3645
3602
3602
3702
3702
3568
3568
3640
3640
3690
3690
3596
3596
3599
3599
3612
3612
3701
3701
3662
3662
3682
3682
3578
3578
3698
3698
3676
3676
3670
3670
3540
3540
3613
3613
3723
3723
3589
3589
3706
3706
3607
3607
3542
3542
3671
3671
3596
3596
3614
3614
3696
3696
3773
3773
3656
3656
3600
3600
3688
3688
3665
3665
3722
3722
3633
3633
3658
3658
3703
3703
3677
3677
3575
3575
3682
3612
3612
3652
3652
3681
3681
3715
3662
3743
3743
3610
3702
3702
3656
