0
3706
3648
3611
3690
3681
3720
3746
3676
3595
3606
3658
3586
3658
3626
3738
3639
3589
3656
3667
3747
3698
3697
3696
3639
3699
3622
3628
3675
3731
3700
3658
3737
3670
3719
3728
3633
3706
3716
3711
3658
3705
3680
3695
3600
3673
3630
3632
3770
3700
3616
3573
3588
3686
3532
3597
3606
3594
3708
3662
3617
3775
3694
3715
3612
3666
3521
3708
3653
3669
3686
3575
3558
3520
3725
3714
3495
3683
3687
3739
3603
3699
3636
3651
3688
3670
3710
3638
3666
3645
3745
3692
3603
3677
3605
3725
3615
3684
3680
